0;8;14
رهش الصيداوي بالدبس;1;2.845;Arial;12;0;-16777216;-1;;;0;Arial;12;0;-16777216;-1;0;0;0;
رهش الصيداوي بالجبنه;2;1.2;Arial;12;0;-16777216;-1;;;0;Arial;12;0;-16777216;-1;0;0;0;
رهش شعرية الصيداوي;3;1.63;Arial;12;0;-16777216;-1;;;0;Arial;12;0;-16777216;-1;0;0;0;
رهش الصيداوي محشية;4;1.635;Arial;12;0;-16777216;-1;;;0;Arial;12;0;-16777216;-1;0;0;0;
لبنه بينار;5;1.755;Arial;12;0;-16777216;-1;;;0;Arial;12;0;-16777216;-1;0;0;0;
لبنه اولكر;6;2.1;Arial;12;0;-16777216;-1;;;0;Arial;12;0;-16777216;-1;0;0;0;
لبنه كويتي;7;1.38;Arial;12;0;-16777216;-1;;;0;Arial;12;0;-16777216;-1;0;0;0;
لبنه شتوره;8;2.475;Arial;12;0;-16777216;-1;;;0;Arial;12;0;-16777216;-1;0;0;0;
لبنه لبناني;9;2.475;Arial;12;0;-16777216;-1;;;0;Arial;12;0;-16777216;-1;0;0;0;
لبنه لبناني ماعز ساده;10;3.22;Arial;12;0;-16777216;-1;;;0;Arial;12;0;-16777216;-1;0;0;0;
لبنه لبناني ماعز بالنعناع;11;3.22;Arial;12;0;-16777216;-1;;;0;Arial;12;0;-16777216;-1;0;0;0;
لبنه لبناني ماعز بالزعتر;12;3.22;Arial;12;0;-16777216;-1;;;0;Arial;12;0;-16777216;-1;0;0;0;
لبنه لبناني ماعز بالشطة;13;3.22;Arial;12;0;-16777216;-1;;;0;Arial;12;0;-16777216;-1;0;0;0;
لبنه لبناني ماعز بحبة البركة;14;3.22;Arial;12;0;-16777216;-1;;;0;Arial;12;0;-16777216;-1;0;0;0;
جبنه فرنسي;15;3.665;Arial;12;0;-16777216;-1;;;0;Arial;12;0;-16777216;-1;0;0;0;
جبنه سعودي;16;1.035;Arial;12;0;-16777216;-1;;;0;Arial;12;0;-16777216;-1;0;0;0;
جبنه سعودي ملح خفيف;17;1.15;Arial;12;0;-16777216;-1;;;0;Arial;12;0;-16777216;-1;0;0;0;
جبنه ذهب مصري;18;1.495;Arial;12;0;-16777216;-1;;;0;Arial;12;0;-16777216;-1;0;0;0;
جبن مصري ملح خفيف;19;0.99;Arial;12;0;-16777216;-1;;;0;Arial;12;0;-16777216;-1;0;0;0;
جبنه فيتا مصري;20;0.9;Arial;12;0;-16777216;-1;;;0;Arial;12;0;-16777216;-1;0;0;0;
جبنه اسطنبولي;21;0.915;Arial;12;0;-16777216;-1;;;0;Arial;12;0;-16777216;-1;0;0;0;
جبنه دمياطي;22;0.945;Arial;12;0;-16777216;-1;;;0;Arial;12;0;-16777216;-1;0;0;0;
جبنه براميلي;23;0.945;Arial;12;0;-16777216;-1;;;0;Arial;12;0;-16777216;-1;0;0;0;
جبنه دنماركي;24;0.9;Arial;12;0;-16777216;-1;;;0;Arial;12;0;-16777216;-1;0;0;0;
جبنه دبل كريم مصري;25;0.93;Arial;12;0;-16777216;-1;;;0;Arial;12;0;-16777216;-1;0;0;0;
جبنه إماراتي قليل الدسم;26;3.06;Arial;12;0;-16777216;-1;;;0;Arial;12;0;-16777216;-1;0;0;0;
جبنه بلغاري بقر;27;1.75;Arial;12;0;-16777216;-1;;;0;Arial;12;0;-16777216;-1;0;0;0;
جبنه بلغاري بقر قليل الدسم;28;2.75;Arial;12;0;-16777216;-1;;;0;Arial;12;0;-16777216;-1;0;0;0;
جبنه بلغاري غنم;29;3.03;Arial;12;0;-16777216;-1;;;0;Arial;12;0;-16777216;-1;0;0;0;
جبنه يوناني;30;1.84;Arial;12;0;-16777216;-1;;;0;Arial;12;0;-16777216;-1;0;0;0;
جبنه يوناني خالي من الكلسترول;31;1.84;Arial;12;0;-16777216;-1;;;0;Arial;12;0;-16777216;-1;0;0;0;
جبنه قريش مصري;32;1.215;Arial;12;0;-16777216;-1;;;0;Arial;12;0;-16777216;-1;0;0;0;
جبنه دبل كريم;33;1.15;Arial;12;0;-16777216;-1;;;0;Arial;12;0;-16777216;-1;0;0;0;
جبنه بالخضروات;34;1.695;Arial;12;0;-16777216;-1;;;0;Arial;12;0;-16777216;-1;0;0;0;
جبنه بالهلابينوا;35;1.695;Arial;12;0;-16777216;-1;;;0;Arial;12;0;-16777216;-1;0;0;0;
جبنه بالنعناع;36;1.695;Arial;12;0;-16777216;-1;;;0;Arial;12;0;-16777216;-1;0;0;0;
جبنه بالزيتون;37;1.695;Arial;12;0;-16777216;-1;;;0;Arial;12;0;-16777216;-1;0;0;0;
جبنه بالشطه;38;1.695;Arial;12;0;-16777216;-1;;;0;Arial;12;0;-16777216;-1;0;0;0;
جبنه بالزعتر;39;1.695;Arial;12;0;-16777216;-1;;;0;Arial;12;0;-16777216;-1;0;0;0;
جبنه بالخلطة;40;1.695;Arial;12;0;-16777216;-1;;;0;Arial;12;0;-16777216;-1;0;0;0;
فلفل محشى جبنه;41;1.955;Arial;12;0;-16777216;-1;;;0;Arial;12;0;-16777216;-1;0;0;0;
جبنه فرميزان;42;5.175;Arial;12;0;-16777216;-1;;;0;Arial;12;0;-16777216;-1;0;0;0;
جبن هنغاري دبل كريم;43;0.935;Arial;12;0;-16777216;-1;;;0;Arial;12;0;-16777216;-1;0;0;0;
جبنه تركي توبل;44;4.055;Arial;12;0;-16777216;-1;;;0;Arial;12;0;-16777216;-1;0;0;0;
جبنه عكاوي سوري;45;1.795;Arial;12;0;-16777216;-1;;;0;Arial;12;0;-16777216;-1;0;0;0;
جبنه عكاوي مصري;46;1.115;Arial;12;0;-16777216;-1;;;0;Arial;12;0;-16777216;-1;0;0;0;
جبنه شلل سوري;47;1.955;Arial;12;0;-16777216;-1;;;0;Arial;12;0;-16777216;-1;0;0;0;
جبنه شلل هنغاري;48;2.75;Arial;12;0;-16777216;-1;;;0;Arial;12;0;-16777216;-1;0;0;0;
جبنه حلوم خفيف الدسم;49;4.5;Arial;12;0;-16777216;-1;;;0;Arial;12;0;-16777216;-1;0;0;0;
جبنه حلوم مع حبة البركة;50;2.875;Arial;12;0;-16777216;-1;;;0;Arial;12;0;-16777216;-1;0;0;0;
جبنه نابلس خفيف الدسم;51;4.51;Arial;12;0;-16777216;-1;;;0;Arial;12;0;-16777216;-1;0;0;0;
جبنه كويتي ملح خفيف;52;2.3;Arial;12;0;-16777216;-1;;;0;Arial;12;0;-16777216;-1;0;0;0;
جبنه وفره;53;2.32;Arial;12;0;-16777216;-1;;;0;Arial;12;0;-16777216;-1;0;0;0;
جبنه امراتي قليل الدسم;54;3.06;Arial;12;0;-16777216;-1;;;0;Arial;12;0;-16777216;-1;0;0;0;
جبنه امنتال;55;4.6;Arial;12;0;-16777216;-1;;;0;Arial;12;0;-16777216;-1;0;0;0;
جبنه تركي مدور;56;4.485;Arial;12;0;-16777216;-1;;;0;Arial;12;0;-16777216;-1;0;0;0;
زيتون كلماتا جامبو;57;1.725;Arial;12;0;-16777216;-1;;;0;Arial;12;0;-16777216;-1;0;0;0;
زيتون كلماتا وسط;58;1.63;Arial;12;0;-16777216;-1;;;0;Arial;12;0;-16777216;-1;0;0;0;
زيتون امريكي;59;1.48;Arial;12;0;-16777216;-1;;;0;Arial;12;0;-16777216;-1;0;0;0;
كلوسال يوناني جامبوا;60;1.38;Arial;12;0;-16777216;-1;;;0;Arial;12;0;-16777216;-1;0;0;0;
زيتون جرجر;61;1.1;Arial;12;0;-16777216;-1;;;0;Arial;12;0;-16777216;-1;0;0;0;
شمندر;62;0.96;Arial;12;0;-16777216;-1;;;0;Arial;12;0;-16777216;-1;0;0;0;
خيار شرائح;63;0.99;Arial;12;0;-16777216;-1;;;0;Arial;12;0;-16777216;-1;0;0;0;
خيار مغربي;64;0.845;Arial;12;0;-16777216;-1;;;0;Arial;12;0;-16777216;-1;0;0;0;
طرشي مغربي;65;0.675;Arial;12;0;-16777216;-1;;;0;Arial;12;0;-16777216;-1;0;0;0;
طرشي مصري;66;0.31;Arial;12;0;-16777216;-1;;;0;Arial;12;0;-16777216;-1;0;0;0;
طرشي بوليفر;67;0.42;Arial;12;0;-16777216;-1;;;0;Arial;12;0;-16777216;-1;0;0;0;
زيتون اخضر مصري;68;0.72;Arial;12;0;-16777216;-1;;;0;Arial;12;0;-16777216;-1;0;0;0;
زيتون اسود مصري;69;1.15;Arial;12;0;-16777216;-1;;;0;Arial;12;0;-16777216;-1;0;0;0;
فلفل بارد;70;0.7;Arial;12;0;-16777216;-1;;;0;Arial;12;0;-16777216;-1;0;0;0;
فلفل حار;71;0.485;Arial;12;0;-16777216;-1;;;0;Arial;12;0;-16777216;-1;0;0;0;
فلفل مكسرات;72;1.955;Arial;12;0;-16777216;-1;;;0;Arial;12;0;-16777216;-1;0;0;0;
فلفل هلا بينوا;73;1.15;Arial;12;0;-16777216;-1;;;0;Arial;12;0;-16777216;-1;0;0;0;
زيتون مغربي توم;74;1.23;Arial;12;0;-16777216;-1;;;0;Arial;12;0;-16777216;-1;0;0;0;
زيتون محشي مغربي حار;75;1.23;Arial;12;0;-16777216;-1;;;0;Arial;12;0;-16777216;-1;0;0;0;
زيتون سوري بالشطه عادي;76;1.22;Arial;12;0;-16777216;-1;;;0;Arial;12;0;-16777216;-1;0;0;0;
زيتون سوري بالشطه خضار;77;1.22;Arial;12;0;-16777216;-1;;;0;Arial;12;0;-16777216;-1;0;0;0;
سلطة مكدوس;78;1.38;Arial;12;0;-16777216;-1;;;0;Arial;12;0;-16777216;-1;0;0;0;
مكدوس عادي;79;1.785;Arial;12;0;-16777216;-1;;;0;Arial;12;0;-16777216;-1;0;0;0;
فلفل احمر;80;0.94;Arial;12;0;-16777216;-1;;;0;Arial;12;0;-16777216;-1;0;0;0;
طماطم مجفف;81;5.74;Arial;12;0;-16777216;-1;;;0;Arial;12;0;-16777216;-1;0;0;0;
خرشوف;82;8.95;Arial;12;0;-16777216;-1;;;0;Arial;12;0;-16777216;-1;0;0;0;
مربى تين;83;1.035;Arial;12;0;-16777216;-1;;;0;Arial;12;0;-16777216;-1;0;0;0;
مربى مشمش;84;1.035;Arial;12;0;-16777216;-1;;;0;Arial;12;0;-16777216;-1;0;0;0;
مربى توت;85;1.035;Arial;12;0;-16777216;-1;;;0;Arial;12;0;-16777216;-1;0;0;0;
مربى كرز;86;1.035;Arial;12;0;-16777216;-1;;;0;Arial;12;0;-16777216;-1;0;0;0;
مربى الفراوله;87;1.035;Arial;12;0;-16777216;-1;;;0;Arial;12;0;-16777216;-1;0;0;0;
جبنة بالمكدوس;88;1.695;Arial;12;0;-16777216;-1;;;0;Arial;12;0;-16777216;-1;0;0;0;
مرتديلا نبيل سادة;89;2.99;Arial;12;0;-16777216;-1;;;0;Arial;12;0;-16777216;-1;0;0;0;
مرتديلا نبيل بالزيتون;90;2.99;Arial;12;0;-16777216;-1;;;0;Arial;12;0;-16777216;-1;0;0;0;
مرتديلا نبيل بالفلفل;91;2.99;Arial;12;0;-16777216;-1;;;0;Arial;12;0;-16777216;-1;0;0;0;
مرتديلا نايف سادة;92;2.07;Arial;12;0;-16777216;-1;;;0;Arial;12;0;-16777216;-1;0;0;0;
مرتديلا نايف بالزيتون;93;2.07;Arial;12;0;-16777216;-1;;;0;Arial;12;0;-16777216;-1;0;0;0;
مرتديلا نايف بالفلفل;94;2.07;Arial;12;0;-16777216;-1;;;0;Arial;12;0;-16777216;-1;0;0;0;
مرتديلا دجاج سادة;95;2.245;Arial;12;0;-16777216;-1;;;0;Arial;12;0;-16777216;-1;0;0;0;
مرتديلا دجاج بالزيتون;96;2.245;Arial;12;0;-16777216;-1;;;0;Arial;12;0;-16777216;-1;0;0;0;
مرتديلا دجاج بالفلفل;97;2.245;Arial;12;0;-16777216;-1;;;0;Arial;12;0;-16777216;-1;0;0;0;
;;0;Arial;12;0;-16777216;-1;;;0;Arial;12;0;-16777216;-1;0;0;0;
;;0;Arial;12;0;-16777216;-1;;;0;Arial;12;0;-16777216;-1;0;0;0;
;;0;Arial;12;0;-16777216;-1;;;0;Arial;12;0;-16777216;-1;0;0;0;
;;0;Arial;12;0;-16777216;-1;;;0;Arial;12;0;-16777216;-1;0;0;0;
;;0;Arial;12;0;-16777216;-1;;;0;Arial;12;0;-16777216;-1;0;0;0;
;;0;Arial;12;0;-16777216;-1;;;0;Arial;12;0;-16777216;-1;0;0;0;
;;0;Arial;12;0;-16777216;-1;;;0;Arial;12;0;-16777216;-1;0;0;0;
;;0;Arial;12;0;-16777216;-1;;;0;Arial;12;0;-16777216;-1;0;0;0;
;;0;Arial;12;0;-16777216;-1;;;0;Arial;12;0;-16777216;-1;0;0;0;
;;0;Arial;12;0;-16777216;-1;;;0;Arial;12;0;-16777216;-1;0;0;0;
;;0;Arial;12;0;-16777216;-1;;;0;Arial;12;0;-16777216;-1;0;0;0;
;;0;Arial;12;0;-16777216;-1;;;0;Arial;12;0;-16777216;-1;0;0;0;
;;0;Arial;12;0;-16777216;-1;;;0;Arial;12;0;-16777216;-1;0;0;0;
;;0;Arial;12;0;-16777216;-1;;;0;Arial;12;0;-16777216;-1;0;0;0;
;;0;Arial;12;0;-16777216;-1;;;0;Arial;12;0;-16777216;-1;0;0;0;
