1	12	2	2457	???? ?????? ???? 1.8			1	-1	150	0	0.895	0	0	0	0	0	0	0	0	0	1	0	0	0	6/9/2013 12:59:00 PM	0	0	0		0	0	0	0	0	0	0	0	0	0	0	0	0	0		
2	12	1	2317	??? ???? ???? ??????			0	-1	150	0	0.05	0	0	0	0	0	0	0	0	0	1	0	0	0	6/9/2013 12:59:00 PM	0	0	0		0	0	0	0	0	0	0	0	0	0	0	0	0	0	0	
3	12	2	2480	??? ????? ????? 473			0	-1	150	0	0.27	0	0	0	0	0	0	0	0	0	1	0	0	0	6/9/2013 12:59:00 PM	0	0	0		0	0	0	0	0	0	0	0	0	0	0	0	0	0		
4	12	1	2479	??? ?? ?????			0	-1	150	0	1.21	0	0	0	0	0	0	0	0	0	1	0	0	0	6/9/2013 12:59:00 PM	0	0	0		0	0	0	0	0	0	0	0	0	0	0	0	0	0	0	
5	12	2	2259	????? ???? at01			0	-1	150	0	0.35	0	0	0	0	0	0	0	0	0	1	0	0	0	6/9/2013 12:59:00 PM	0	0	0		0	0	0	0	0	0	0	0	0	0	0	0	0	0		
6	12	1	2560	?????? ????? ?????			0	-1	150	0	1.11	0	0	0	0	0	0	0	0	0	1	0	0	0	6/9/2013 12:59:00 PM	0	0	0		0	0	0	0	0	0	0	0	0	0	0	0	0	0	0	
7	12	1	2552	?????? ????? ?????			0	-1	150	0	1.735	0	0	0	0	0	0	0	0	0	1	0	0	0	6/9/2013 12:59:00 PM	0	0	0		0	0	0	0	0	0	0	0	0	0	0	0	0	0	0	
8	12	1	2553	???????? ????? ????			0	-1	150	0	1.15	0	0	0	0	0	0	0	0	0	1	0	0	0	6/9/2013 12:59:00 PM	0	0	0		0	0	0	0	0	0	0	0	0	0	0	0	0	0	0	
9	12	1	2563	???????? ????? ??? ?			0	-1	150	0	0.395	0	0	0	0	0	0	0	0	0	1	0	0	0	6/9/2013 12:59:00 PM	0	0	0		0	0	0	0	0	0	0	0	0	0	0	0	0	0	0	
10	12	1	2562	?? ???????? ??????			0	-1	150	0	0.505	0	0	0	0	0	0	0	0	0	1	0	0	0	6/9/2013 12:59:00 PM	0	0	0		0	0	0	0	0	0	0	0	0	0	0	0	0	0	0	
11	12	1	2555	??? ??? ???? ????			0	-1	150	0	1.1	0	0	0	0	0	0	0	0	0	1	0	0	0	6/9/2013 12:59:00 PM	0	0	0		0	0	0	0	0	0	0	0	0	0	0	0	0	0	0	
12	12	1	2561	??? ??? ??? ?????			0	-1	150	0	1.05	0	0	0	0	0	0	0	0	0	1	0	0	0	6/9/2013 12:59:00 PM	0	0	0		0	0	0	0	0	0	0	0	0	0	0	0	0	0	0	
13	12	1	2593	??? ??? ???? ????			0	-1	150	0	0.55	0	0	0	0	0	0	0	0	0	1	0	0	0	6/9/2013 12:59:00 PM	0	0	0		0	0	0	0	0	0	0	0	0	0	0	0	0	0	0	
14	12	1	2594	???? ????? ????			0	-1	150	0	0.8	0	0	0	0	0	0	0	0	0	1	0	0	0	6/9/2013 12:59:00 PM	0	0	0		0	0	0	0	0	0	0	0	0	0	0	0	0	0	0	
15	12	1	2595	??? ??? ?????? ???			0	-1	150	0	0.78	0	0	0	0	0	0	0	0	0	1	0	0	0	6/9/2013 12:59:00 PM	0	0	0		0	0	0	0	0	0	0	0	0	0	0	0	0	0	0	
16	12	1	2596	???? ???? ???? ???			0	-1	150	0	0.09	0	0	0	0	0	0	0	0	0	1	0	0	0	6/9/2013 12:59:00 PM	0	0	0		0	0	0	0	0	0	0	0	0	0	0	0	0	0	0	
17	12	1	2597	???? ???? ???? ???			0	-1	150	0	0.215	0	0	0	0	0	0	0	0	0	1	0	0	0	6/9/2013 12:59:00 PM	0	0	0		0	0	0	0	0	0	0	0	0	0	0	0	0	0	0	
18	12	1	2672	???? ???? ???? ???			0	-1	150	0	0.215	0	0	0	0	0	0	0	0	0	1	0	0	0	6/9/2013 12:59:00 PM	0	0	0		0	0	0	0	0	0	0	0	0	0	0	0	0	0	0	
19	12	1	2710	???? ???? ???? ???			0	-1	150	0	0.215	0	0	0	0	0	0	0	0	0	1	0	0	0	6/9/2013 12:59:00 PM	0	0	0		0	0	0	0	0	0	0	0	0	0	0	0	0	0	0	
20	12	1	2577	???? ???? ???? ???			0	-1	150	0	0.215	0	0	0	0	0	0	0	0	0	1	0	0	0	6/9/2013 12:59:00 PM	0	0	0		0	0	0	0	0	0	0	0	0	0	0	0	0	0	0	
21	12	1	2375	???? ???? ???? ???			0	-1	150	0	0.215	0	0	0	0	0	0	0	0	0	1	0	0	0	6/9/2013 12:59:00 PM	0	0	0		0	0	0	0	0	0	0	0	0	0	0	0	0	0	0	
22	12	1	1107	???? ???? ???? ???			0	-1	150	0	0.05	0	0	0	0	0	0	0	0	0	1	0	0	0	6/9/2013 12:59:00 PM	0	0	0		0	0	0	0	0	0	0	0	0	0	0	0	0	0	0	
23	12	1	2463	???? ?? 400??			0	-1	150	0	1.25	0	0	0	0	0	0	0	0	0	1	0	0	0	6/9/2013 12:59:00 PM	0	0	0		0	0	0	0	0	0	0	0	0	0	0	0	0	0	0	
24	12	1	2138	???? ?? 150 ??			0	-1	150	0	0.275	0	0	0	0	0	0	0	0	0	1	0	0	0	6/9/2013 12:59:00 PM	0	0	0		0	0	0	0	0	0	0	0	0	0	0	0	0	0	0	
25	12	1	2133	???? ???? 150 ??			0	-1	150	0	0.275	0	0	0	0	0	0	0	0	0	1	0	0	0	6/9/2013 12:59:00 PM	0	0	0		0	0	0	0	0	0	0	0	0	0	0	0	0	0	0	
26	12	1	2134	???? ???? ?? 150 ?			0	-1	150	0	0.22	0	0	0	0	0	0	0	0	0	1	0	0	0	6/9/2013 12:59:00 PM	0	0	0		0	0	0	0	0	0	0	0	0	0	0	0	0	0	0	
27	12	1	2135	???? ???? ????? 15			0	-1	150	0	0.175	0	0	0	0	0	0	0	0	0	1	0	0	0	6/9/2013 12:59:00 PM	0	0	0		0	0	0	0	0	0	0	0	0	0	0	0	0	0	0	
28	12	1	2136	???? ???? ???? 200			0	-1	150	0	0.18	0	0	0	0	0	0	0	0	0	1	0	0	0	6/9/2013 12:59:00 PM	0	0	0		0	0	0	0	0	0	0	0	0	0	0	0	0	0	0	
29	12	1	2137	?? ???? 400 ??			0	-1	150	0	0.35	0	0	0	0	0	0	0	0	0	1	0	0	0	6/9/2013 12:59:00 PM	0	0	0		0	0	0	0	0	0	0	0	0	0	0	0	0	0	0	
30	12	1	2333	????  200?? ????			0	-1	150	0	0.16	0	0	0	0	0	0	0	0	0	1	0	0	0	6/9/2013 12:59:00 PM	0	0	0		0	0	0	0	0	0	0	0	0	0	0	0	0	0	0	
31	12	1	2332	??? ???? 150??			0	-1	150	0	0.145	0	0	0	0	0	0	0	0	0	1	0	0	0	6/9/2013 12:59:00 PM	0	0	0		0	0	0	0	0	0	0	0	0	0	0	0	0	0	0	
32	12	1	2334	????  ??? ?????? 1			0	-1	150	0	0.19	0	0	0	0	0	0	0	0	0	1	0	0	0	6/9/2013 12:59:00 PM	0	0	0		0	0	0	0	0	0	0	0	0	0	0	0	0	0	0	
33	12	1	1047	????  200 ?? ????			0	-1	150	0	0.195	0	0	0	0	0	0	0	0	0	1	0	0	0	6/9/2013 12:59:00 PM	0	0	0		0	0	0	0	0	0	0	0	0	0	0	0	0	0	0	
34	12	1	2589	?????? ???? ??????			0	-1	150	0	0.33	0	0	0	0	0	0	0	0	0	1	0	0	0	6/9/2013 12:59:00 PM	0	0	0		0	0	0	0	0	0	0	0	0	0	0	0	0	0	0	
35	12	1	2688	???? ?????? ???? 5			0	-1	150	0	0.265	0	0	0	0	0	0	0	0	0	1	0	0	0	6/9/2013 12:59:00 PM	0	0	0		0	0	0	0	0	0	0	0	0	0	0	0	0	0	0	
36	12	1	2603	?????? ??? 200 ??			0	-1	150	0	0.275	0	0	0	0	0	0	0	0	0	1	0	0	0	6/9/2013 12:59:00 PM	0	0	0		0	0	0	0	0	0	0	0	0	0	0	0	0	0	0	
37	12	1	2584	?????? ???? 150??			0	-1	150	0	0.145	0	0	0	0	0	0	0	0	0	1	0	0	0	6/9/2013 12:59:00 PM	0	0	0		0	0	0	0	0	0	0	0	0	0	0	0	0	0	0	
38	12	1	2268	??? ?????? 150??			0	-1	150	0	0.22	0	0	0	0	0	0	0	0	0	1	0	0	0	6/9/2013 12:59:00 PM	0	0	0		0	0	0	0	0	0	0	0	0	0	0	0	0	0	0	
39	12	1	2380	??? ??? 200 ??			0	-1	150	0	0.155	0	0	0	0	0	0	0	0	0	1	0	0	0	6/9/2013 12:59:00 PM	0	0	0		0	0	0	0	0	0	0	0	0	0	0	0	0	0	0	
40	12	1	2112	???? ?? 400??			0	-1	150	0	0.22	0	0	0	0	0	0	0	0	0	1	0	0	0	6/9/2013 12:59:00 PM	0	0	0		0	0	0	0	0	0	0	0	0	0	0	0	0	0	0	
41	12	1	2636	??? ??? 30??			0	-1	150	0	0.25	0	0	0	0	0	0	0	0	0	1	0	0	0	6/9/2013 12:59:00 PM	0	0	0		0	0	0	0	0	0	0	0	0	0	0	0	0	0	0	
42	12	1	2274	??? ?? 1?			0	-1	150	0	0.48	0	0	0	0	0	0	0	0	0	1	0	0	0	6/9/2013 12:59:00 PM	0	0	0		0	0	0	0	0	0	0	0	0	0	0	0	0	0	0	
43	12	1	2114	????? 1?			0	-1	150	0	0.475	0	0	0	0	0	0	0	0	0	1	0	0	0	6/9/2013 12:59:00 PM	0	0	0		0	0	0	0	0	0	0	0	0	0	0	0	0	0	0	
44	12	1	2638	??? ???? 1??			0	-1	150	0	0.34	0	0	0	0	0	0	0	0	0	1	0	0	0	6/9/2013 12:59:00 PM	0	0	0		0	0	0	0	0	0	0	0	0	0	0	0	0	0	0	
45	12	1	2639	???? ???? ???? ?????			0	-1	150	0	0.595	0	0	0	0	0	0	0	0	0	1	0	0	0	6/9/2013 12:59:00 PM	0	0	0		0	0	0	0	0	0	0	0	0	0	0	0	0	0	0	
46	12	1	2104	?????? ?????? ????			0	-1	150	0	1.5	0	0	0	0	0	0	0	0	0	1	0	0	0	6/9/2013 12:59:00 PM	0	0	0		0	0	0	0	0	0	0	0	0	0	0	0	0	0	0	
47	12	1	2640	??? ????? ???????? ?			0	-1	150	0	0.54	0	0	0	0	0	0	0	0	0	1	0	0	0	6/9/2013 12:59:00 PM	0	0	0		0	0	0	0	0	0	0	0	0	0	0	0	0	0	0	
48	12	1	2102	????? ???? ?????? ??			0	-1	150	0	0.55	0	0	0	0	0	0	0	0	0	1	0	0	0	6/9/2013 12:59:00 PM	0	0	0		0	0	0	0	0	0	0	0	0	0	0	0	0	0	0	
49	12	1	2111	????? 150?? ????			0	-1	150	0	0.205	0	0	0	0	0	0	0	0	0	1	0	0	0	6/9/2013 12:59:00 PM	0	0	0		0	0	0	0	0	0	0	0	0	0	0	0	0	0	0	
50	12	1	2277	??? ???? ?????? ?? ?			0	-1	150	0	0.54	0	0	0	0	0	0	0	0	0	1	0	0	0	6/9/2013 12:59:00 PM	0	0	0		0	0	0	0	0	0	0	0	0	0	0	0	0	0	0	
51	12	1	2115	??? ???? 40 ?? ???			0	-1	150	0	0.38	0	0	0	0	0	0	0	0	0	1	0	0	0	6/9/2013 12:59:00 PM	0	0	0		0	0	0	0	0	0	0	0	0	0	0	0	0	0	0	
52	12	1	2110	????? ????? ???? 1			0	-1	150	0	0.09	0	0	0	0	0	0	0	0	0	1	0	0	0	6/9/2013 12:59:00 PM	0	0	0		0	0	0	0	0	0	0	0	0	0	0	0	0	0	0	
53	12	1	2358	????? ????? ???? 7			0	-1	150	0	0.06	0	0	0	0	0	0	0	0	0	1	0	0	0	6/9/2013 12:59:00 PM	0	0	0		0	0	0	0	0	0	0	0	0	0	0	0	0	0	0	
54	12	1	2635	????? ??? ????  15			0	-1	150	0	0.18	0	0	0	0	0	0	0	0	0	1	0	0	0	6/9/2013 12:59:00 PM	0	0	0		0	0	0	0	0	0	0	0	0	0	0	0	0	0	0	
55	12	1	2394	??? ??????? 100 ????			0	-1	150	0	0.915	0	0	0	0	0	0	0	0	0	1	0	0	0	6/9/2013 12:59:00 PM	0	0	0		0	0	0	0	0	0	0	0	0	0	0	0	0	0	0	
56	12	1	2637	???? ???? ???? ???			0	-1	150	0	0.05	0	0	0	0	0	0	0	0	0	1	0	0	0	6/9/2013 12:59:00 PM	0	0	0		0	0	0	0	0	0	0	0	0	0	0	0	0	0	0	
57	12	1	2113	???? ???? ??? ????			0	-1	150	0	0.05	0	0	0	0	0	0	0	0	0	1	0	0	0	6/9/2013 12:59:00 PM	0	0	0		0	0	0	0	0	0	0	0	0	0	0	0	0	0	0	
58	12	1	2641	??? ???? 1000?			0	-1	150	0	3.92	0	0	0	0	0	0	0	0	0	1	0	0	0	6/9/2013 12:59:00 PM	0	0	0		0	0	0	0	0	0	0	0	0	0	0	0	0	0	0	
59	12	1	2653	??? ??????? 100 ????			0	-1	150	0	0.895	0	0	0	0	0	0	0	0	0	1	0	0	0	6/9/2013 12:59:00 PM	0	0	0		0	0	0	0	0	0	0	0	0	0	0	0	0	0	0	
60	12	1	2654	???? ?? ????????? ??			0	-1	150	0	1.14	0	0	0	0	0	0	0	0	0	1	0	0	0	6/9/2013 12:59:00 PM	0	0	0		0	0	0	0	0	0	0	0	0	0	0	0	0	0	0	
61	12	1	2679	???? ?? ????????? ??			0	-1	150	0	1.14	0	0	0	0	0	0	0	0	0	1	0	0	0	6/9/2013 12:59:00 PM	0	0	0		0	0	0	0	0	0	0	0	0	0	0	0	0	0	0	
62	12	1	2432	????? ???? ?????? ??			0	-1	150	0	0.545	0	0	0	0	0	0	0	0	0	1	0	0	0	6/9/2013 12:59:00 PM	0	0	0		0	0	0	0	0	0	0	0	0	0	0	0	0	0	0	
63	12	1	2618	????? ???? ?????? ??			0	-1	150	0	0.545	0	0	0	0	0	0	0	0	0	1	0	0	0	6/9/2013 12:59:00 PM	0	0	0		0	0	0	0	0	0	0	0	0	0	0	0	0	0	0	
64	12	1	2619	????? ???? ?????? ??			0	-1	150	0	0.545	0	0	0	0	0	0	0	0	0	1	0	0	0	6/9/2013 12:59:00 PM	0	0	0		0	0	0	0	0	0	0	0	0	0	0	0	0	0	0	
65	12	1	2220	???? ?? ????????? ??			0	-1	150	0	1.14	0	0	0	0	0	0	0	0	0	1	0	0	0	6/9/2013 12:59:00 PM	0	0	0		0	0	0	0	0	0	0	0	0	0	0	0	0	0	0	
66	12	1	2491	????? ???? ??????? ?			0	-1	150	0	0.6	0	0	0	0	0	0	0	0	0	1	0	0	0	6/9/2013 12:59:00 PM	0	0	0		0	0	0	0	0	0	0	0	0	0	0	0	0	0	0	
67	12	1	2588	???? ????? ???? ????			0	-1	150	0	0.565	0	0	0	0	0	0	0	0	0	1	0	0	0	6/9/2013 12:59:00 PM	0	0	0		0	0	0	0	0	0	0	0	0	0	0	0	0	0	0	
68	12	1	2481	??? ?????? ???? ??			0	-1	150	0	0.22	0	0	0	0	0	0	0	0	0	1	0	0	0	6/9/2013 12:59:00 PM	0	0	0		0	0	0	0	0	0	0	0	0	0	0	0	0	0	0	
69	12	1	2482	????? ???? ?????? ??			0	-1	150	0	0.545	0	0	0	0	0	0	0	0	0	1	0	0	0	6/9/2013 12:59:00 PM	0	0	0		0	0	0	0	0	0	0	0	0	0	0	0	0	0	0	
70	12	1	2483	??????? ?????? ???			0	-1	150	0	1.405	0	0	0	0	0	0	0	0	0	1	0	0	0	6/9/2013 12:59:00 PM	0	0	0		0	0	0	0	0	0	0	0	0	0	0	0	0	0	0	
71	12	1	2484	??? ??? ????? 1× 1			0	-1	150	0	1.97	0	0	0	0	0	0	0	0	0	1	0	0	0	6/9/2013 12:59:00 PM	0	0	0		0	0	0	0	0	0	0	0	0	0	0	0	0	0	0	
72	12	1	2485	???? ?????? ??????			0	-1	150	0	1.07	0	0	0	0	0	0	0	0	0	1	0	0	0	6/9/2013 12:59:00 PM	0	0	0		0	0	0	0	0	0	0	0	0	0	0	0	0	0	0	
73	12	1	2495	???? ?????? ??????			0	-1	150	0	1.07	0	0	0	0	0	0	0	0	0	1	0	0	0	6/9/2013 12:59:00 PM	0	0	0		0	0	0	0	0	0	0	0	0	0	0	0	0	0	0	
74	12	1	2496	???? ?????? ??????			0	-1	150	0	1.07	0	0	0	0	0	0	0	0	0	1	0	0	0	6/9/2013 12:59:00 PM	0	0	0		0	0	0	0	0	0	0	0	0	0	0	0	0	0	0	
75	12	1	2497	???? ????? ??????			0	-1	150	0	1.07	0	0	0	0	0	0	0	0	0	1	0	0	0	6/9/2013 12:59:00 PM	0	0	0		0	0	0	0	0	0	0	0	0	0	0	0	0	0	0	
76	12	1	2498	????? ????? ???? ?			0	-1	150	0	0.24	0	0	0	0	0	0	0	0	0	1	0	0	0	6/9/2013 12:59:00 PM	0	0	0		0	0	0	0	0	0	0	0	0	0	0	0	0	0	0	
77	12	1	2499	????? ????? ????			0	-1	150	0	0.72	0	0	0	0	0	0	0	0	0	1	0	0	0	6/9/2013 12:59:00 PM	0	0	0		0	0	0	0	0	0	0	0	0	0	0	0	0	0	0	
78	12	1	2500	???? ????? 46??			0	-1	150	0	0.1	0	0	0	0	0	0	0	0	0	1	0	0	0	6/9/2013 12:59:00 PM	0	0	0		0	0	0	0	0	0	0	0	0	0	0	0	0	0	0	
79	12	1	2506	????? ?????? 1 ?			0	-1	150	0	0.47	0	0	0	0	0	0	0	0	0	1	0	0	0	6/9/2013 12:59:00 PM	0	0	0		0	0	0	0	0	0	0	0	0	0	0	0	0	0	0	
80	12	1	2660	.			0	-1	150	0	0.395	0	0	0	0	0	0	0	0	0	1	0	0	0	6/9/2013 12:59:00 PM	0	0	0		0	0	0	0	0	0	0	0	0	0	0	0	0	0	0	
81	12	1	2100	???  ??????? 340??			0	-1	150	0	0.38	0	0	0	0	0	0	0	0	0	1	0	0	0	6/9/2013 12:59:00 PM	0	0	0		0	0	0	0	0	0	0	0	0	0	0	0	0	0	0	
82	12	1	2208	??? ??? ???????? 2			0	-1	150	0	0.32	0	0	0	0	0	0	0	0	0	1	0	0	0	6/9/2013 12:59:00 PM	0	0	0		0	0	0	0	0	0	0	0	0	0	0	0	0	0	0	
83	12	1	2401	??? ??? ???? 285??			0	-1	150	0	0.32	0	0	0	0	0	0	0	0	0	1	0	0	0	6/9/2013 12:59:00 PM	0	0	0		0	0	0	0	0	0	0	0	0	0	0	0	0	0	0	
84	12	1	2117	??? ???? ????? ???			0	-1	150	0	0.51	0	0	0	0	0	0	0	0	0	1	0	0	0	6/9/2013 12:59:00 PM	0	0	0		0	0	0	0	0	0	0	0	0	0	0	0	0	0	0	
85	12	1	1570	??? ??? ??? ???? 2			0	-1	150	0	0.38	0	0	0	0	0	0	0	0	0	1	0	0	0	6/9/2013 12:59:00 PM	0	0	0		0	0	0	0	0	0	0	0	0	0	0	0	0	0	0	
86	12	1	2143	??? ???? ????? ???			0	-1	150	0	0.375	0	0	0	0	0	0	0	0	0	1	0	0	0	6/9/2013 12:59:00 PM	0	0	0		0	0	0	0	0	0	0	0	0	0	0	0	0	0	0	
87	12	1	2711	??? ????? ?????? 3			0	-1	150	0	0.265	0	0	0	0	0	0	0	0	0	1	0	0	0	6/9/2013 12:59:00 PM	0	0	0		0	0	0	0	0	0	0	0	0	0	0	0	0	0	0	
88	12	1	2712	????? ???? ???? ??			0	-1	150	0	1.875	0	0	0	0	0	0	0	0	0	1	0	0	0	6/9/2013 12:59:00 PM	0	0	0		0	0	0	0	0	0	0	0	0	0	0	0	0	0	0	
89	12	1	2713	????? ?????? ?????			0	-1	150	0	0.71	0	0	0	0	0	0	0	0	0	1	0	0	0	6/9/2013 12:59:00 PM	0	0	0		0	0	0	0	0	0	0	0	0	0	0	0	0	0	0	
90	12	1	2714	???? ???? ??? ?????			0	-1	150	0	0.66	0	0	0	0	0	0	0	0	0	1	0	0	0	6/9/2013 12:59:00 PM	0	0	0		0	0	0	0	0	0	0	0	0	0	0	0	0	0	0	
91	12	1	2039	??? ???? ?? ??????			0	-1	150	0	0.675	0	0	0	0	0	0	0	0	0	1	0	0	0	6/9/2013 12:59:00 PM	0	0	0		0	0	0	0	0	0	0	0	0	0	0	0	0	0	0	
92	12	1	2040	???? ???? Tm-041			0	-1	150	0	0.35	0	0	0	0	0	0	0	0	0	1	0	0	0	6/9/2013 12:59:00 PM	0	0	0		0	0	0	0	0	0	0	0	0	0	0	0	0	0	0	
93	12	1	2323	????? ???? ??????? ?			0	-1	150	0	0.6	0	0	0	0	0	0	0	0	0	1	0	0	0	6/9/2013 12:59:00 PM	0	0	0		0	0	0	0	0	0	0	0	0	0	0	0	0	0	0	
94	12	1	2324	????? ?????? ????			0	-1	150	0	0.9	0	0	0	0	0	0	0	0	0	1	0	0	0	6/9/2013 12:59:00 PM	0	0	0		0	0	0	0	0	0	0	0	0	0	0	0	0	0	0	
95	12	1	2041	????? ?????? ????			0	-1	150	0	0.4	0	0	0	0	0	0	0	0	0	1	0	0	0	6/9/2013 12:59:00 PM	0	0	0		0	0	0	0	0	0	0	0	0	0	0	0	0	0	0	
96	12	1	2042	????? ?????? ????			0	-1	150	0	0.2	0	0	0	0	0	0	0	0	0	1	0	0	0	6/9/2013 12:59:00 PM	0	0	0		0	0	0	0	0	0	0	0	0	0	0	0	0	0	0	
97	12	1	2044	????? ?????? ?????			0	-1	150	0	0.58	0	0	0	0	0	0	0	0	0	1	0	0	0	6/9/2013 12:59:00 PM	0	0	0		0	0	0	0	0	0	0	0	0	0	0	0	0	0	0	
98	12	1	2045	????? ???????????			0	-1	150	0	0.475	0	0	0	0	0	0	0	0	0	1	0	0	0	6/9/2013 12:59:00 PM	0	0	0		0	0	0	0	0	0	0	0	0	0	0	0	0	0	0	
99	12	1	2046	????? ????? ??????			0	-1	150	0	0.25	0	0	0	0	0	0	0	0	0	1	0	0	0	6/9/2013 12:59:00 PM	0	0	0		0	0	0	0	0	0	0	0	0	0	0	0	0	0	0	
100	12	1	2049	?????? ????? ????			0	-1	150	0	0.275	0	0	0	0	0	0	0	0	0	1	0	0	0	6/9/2013 12:59:00 PM	0	0	0		0	0	0	0	0	0	0	0	0	0	0	0	0	0	0	
101	12	1	2050	????? ????? ??????			0	-1	150	0	0.365	0	0	0	0	0	0	0	0	0	1	0	0	0	6/9/2013 12:59:00 PM	0	0	0		0	0	0	0	0	0	0	0	0	0	0	0	0	0	0	
102	12	1	2051	????? ?????? ?????			0	-1	150	0	1.87	0	0	0	0	0	0	0	0	0	1	0	0	0	6/9/2013 12:59:00 PM	0	0	0		0	0	0	0	0	0	0	0	0	0	0	0	0	0	0	
103	12	1	2052	?????? ????? ????			0	-1	150	0	0.44	0	0	0	0	0	0	0	0	0	1	0	0	0	6/9/2013 12:59:00 PM	0	0	0		0	0	0	0	0	0	0	0	0	0	0	0	0	0	0	
104	12	1	2669	?????? ????? ?????			0	-1	150	0	0.29	0	0	0	0	0	0	0	0	0	1	0	0	0	6/9/2013 12:59:00 PM	0	0	0		0	0	0	0	0	0	0	0	0	0	0	0	0	0	0	
105	12	1	2696	????? ????? ??????			0	-1	150	0	1.815	0	0	0	0	0	0	0	0	0	1	0	0	0	6/9/2013 12:59:00 PM	0	0	0		0	0	0	0	0	0	0	0	0	0	0	0	0	0	0	
106	12	1	2335	???? ???? ?????? ?			0	-1	150	0	0.55	0	0	0	0	0	0	0	0	0	1	0	0	0	6/9/2013 12:59:00 PM	0	0	0		0	0	0	0	0	0	0	0	0	0	0	0	0	0	0	
107	12	1	2327	??????  ?????? ???			0	-1	150	0	1.195	0	0	0	0	0	0	0	0	0	1	0	0	0	6/9/2013 12:59:00 PM	0	0	0		0	0	0	0	0	0	0	0	0	0	0	0	0	0	0	
108	12	1	2328	??? ????? ???? ???			0	-1	150	0	0.33	0	0	0	0	0	0	0	0	0	1	0	0	0	6/9/2013 12:59:00 PM	0	0	0		0	0	0	0	0	0	0	0	0	0	0	0	0	0	0	
109	12	1	1134	?????? ?????? ????			0	-1	150	0	0.85	0	0	0	0	0	0	0	0	0	1	0	0	0	6/9/2013 12:59:00 PM	0	0	0		0	0	0	0	0	0	0	0	0	0	0	0	0	0	0	
110	12	1	1260	???? ???? ????????			0	-1	150	0	3.5	0	0	0	0	0	0	0	0	0	1	0	0	0	6/9/2013 12:59:00 PM	0	0	0		0	0	0	0	0	0	0	0	0	0	0	0	0	0	0	
111	12	1	2090	???? ?????? ???? ???			0	-1	150	0	0.25	0	0	0	0	0	0	0	0	0	1	0	0	0	6/9/2013 12:59:00 PM	0	0	0		0	0	0	0	0	0	0	0	0	0	0	0	0	0	0	
112	12	1	2091	???? ????? ??????			0	-1	150	0	0.965	0	0	0	0	0	0	0	0	0	1	0	0	0	6/9/2013 12:59:00 PM	0	0	0		0	0	0	0	0	0	0	0	0	0	0	0	0	0	0	
113	12	1	2092	???? ????? ????? ?			0	-1	150	0	0.965	0	0	0	0	0	0	0	0	0	1	0	0	0	6/9/2013 12:59:00 PM	0	0	0		0	0	0	0	0	0	0	0	0	0	0	0	0	0	0	
114	12	1	2093	???? ??? ????? ???			0	-1	150	0	0.575	0	0	0	0	0	0	0	0	0	1	0	0	0	6/9/2013 12:59:00 PM	0	0	0		0	0	0	0	0	0	0	0	0	0	0	0	0	0	0	
115	12	1	2094	???? ????? ??????			0	-1	150	0	0.985	0	0	0	0	0	0	0	0	0	1	0	0	0	6/9/2013 12:59:00 PM	0	0	0		0	0	0	0	0	0	0	0	0	0	0	0	0	0	0	
116	12	1	1590	????? ?????? ?????			0	-1	150	0	0.55	0	0	0	0	0	0	0	0	0	1	0	0	0	6/9/2013 12:59:00 PM	0	0	0		0	0	0	0	0	0	0	0	0	0	0	0	0	0	0	
117	12	1	1591	????? ?????? ?????			0	-1	150	0	0.55	0	0	0	0	0	0	0	0	0	1	0	0	0	6/9/2013 12:59:00 PM	0	0	0		0	0	0	0	0	0	0	0	0	0	0	0	0	0	0	
118	12	1	1261	???? ????? ??????			0	-1	150	0	0.985	0	0	0	0	0	0	0	0	0	1	0	0	0	6/9/2013 12:59:00 PM	0	0	0		0	0	0	0	0	0	0	0	0	0	0	0	0	0	0	
119	12	1	1262	???? ????? ??????			0	-1	150	0	0.985	0	0	0	0	0	0	0	0	0	1	0	0	0	6/9/2013 12:59:00 PM	0	0	0		0	0	0	0	0	0	0	0	0	0	0	0	0	0	0	
120	12	1	1263	???? ????? ??????			0	-1	150	0	0.965	0	0	0	0	0	0	0	0	0	1	0	0	0	6/9/2013 12:59:00 PM	0	0	0		0	0	0	0	0	0	0	0	0	0	0	0	0	0	0	
121	12	1	1264	???? ????? ??????			0	-1	150	0	0.495	0	0	0	0	0	0	0	0	0	1	0	0	0	6/9/2013 12:59:00 PM	0	0	0		0	0	0	0	0	0	0	0	0	0	0	0	0	0	0	
122	12	1	1791	????? ???? ?????1+1			0	-1	150	0	1	0	0	0	0	0	0	0	0	0	1	0	0	0	6/9/2013 12:59:00 PM	0	0	0		0	0	0	0	0	0	0	0	0	0	0	0	0	0	0	
123	12	1	1792	???? ???? ????? 1???			0	-1	150	0	0.825	0	0	0	0	0	0	0	0	0	1	0	0	0	6/9/2013 12:59:00 PM	0	0	0		0	0	0	0	0	0	0	0	0	0	0	0	0	0	0	
124	12	1	1265	???? ?? ???? ????? 1			0	-1	150	0	0.62	0	0	0	0	0	0	0	0	0	1	0	0	0	6/9/2013 12:59:00 PM	0	0	0		0	0	0	0	0	0	0	0	0	0	0	0	0	0	0	
125	12	1	1842	??? ???? ???? ?????			0	-1	150	0	0.825	0	0	0	0	0	0	0	0	0	1	0	0	0	6/9/2013 12:59:00 PM	0	0	0		0	0	0	0	0	0	0	0	0	0	0	0	0	0	0	
126	12	1	1843	??? ??????? ????? 1?			0	-1	150	0	0.675	0	0	0	0	0	0	0	0	0	1	0	0	0	6/9/2013 12:59:00 PM	0	0	0		0	0	0	0	0	0	0	0	0	0	0	0	0	0	0	
127	12	1	1844	??? ???? ????? 1???			0	-1	150	0	0.585	0	0	0	0	0	0	0	0	0	1	0	0	0	6/9/2013 12:59:00 PM	0	0	0		0	0	0	0	0	0	0	0	0	0	0	0	0	0	0	
128	12	1	1845	???? ???? ??????? ??			0	-1	150	0	0.995	0	0	0	0	0	0	0	0	0	1	0	0	0	6/9/2013 12:59:00 PM	0	0	0		0	0	0	0	0	0	0	0	0	0	0	0	0	0	0	
129	12	1	1846	???? ??????? ??? ???			0	-1	150	0	1	0	0	0	0	0	0	0	0	0	1	0	0	0	6/9/2013 12:59:00 PM	0	0	0		0	0	0	0	0	0	0	0	0	0	0	0	0	0	0	
130	12	1	5050	?????? ?????? 4??? +			0	-1	150	0	0.77	0	0	0	0	0	0	0	0	0	1	0	0	0	6/9/2013 12:59:00 PM	0	0	0		0	0	0	0	0	0	0	0	0	0	0	0	0	0	0	
131	12	1	2101	????? ???? ?????? ??			0	-1	150	0	1.32	0	0	0	0	0	0	0	0	0	1	0	0	0	6/9/2013 12:59:00 PM	0	0	0		0	0	0	0	0	0	0	0	0	0	0	0	0	0	0	
132	12	1	2366	??? ????  ???? ?????			0	-1	150	0	0.1	0	0	0	0	0	0	0	0	0	1	0	0	0	6/9/2013 12:59:00 PM	0	0	0		0	0	0	0	0	0	0	0	0	0	0	0	0	0	0	
133	12	1	2367	??? ????  ??? ?????			0	-1	150	0	0.1	0	0	0	0	0	0	0	0	0	1	0	0	0	6/9/2013 12:59:00 PM	0	0	0		0	0	0	0	0	0	0	0	0	0	0	0	0	0	0	
134	12	1	2368	???? ????? ????? 500			0	-1	150	0	2.2	0	0	0	0	0	0	0	0	0	1	0	0	0	6/9/2013 12:59:00 PM	0	0	0		0	0	0	0	0	0	0	0	0	0	0	0	0	0	0	
135	12	1	2369	???? ?????? ???? 500			0	-1	150	0	1.1	0	0	0	0	0	0	0	0	0	1	0	0	0	6/9/2013 12:59:00 PM	0	0	0		0	0	0	0	0	0	0	0	0	0	0	0	0	0	0	
136	12	1	2370	?????? ????? 2 ??			0	-1	150	0	0.88	0	0	0	0	0	0	0	0	0	1	0	0	0	6/9/2013 12:59:00 PM	0	0	0		0	0	0	0	0	0	0	0	0	0	0	0	0	0	0	
137	12	1	2371	?????? ????? 4 ??			0	-1	150	0	1.65	0	0	0	0	0	0	0	0	0	1	0	0	0	6/9/2013 12:59:00 PM	0	0	0		0	0	0	0	0	0	0	0	0	0	0	0	0	0	0	
138	12	1	2372	????? ????? ????? 20			0	-1	150	0	0.33	0	0	0	0	0	0	0	0	0	1	0	0	0	6/9/2013 12:59:00 PM	0	0	0		0	0	0	0	0	0	0	0	0	0	0	0	0	0	0	
139	12	1	2365	????? ????? ????? 20			0	-1	150	0	0.495	0	0	0	0	0	0	0	0	0	1	0	0	0	6/9/2013 12:59:00 PM	0	0	0		0	0	0	0	0	0	0	0	0	0	0	0	0	0	0	
140	12	1	2373	??? ???? ????? ????			0	-1	150	0	2.75	0	0	0	0	0	0	0	0	0	1	0	0	0	6/9/2013 12:59:00 PM	0	0	0		0	0	0	0	0	0	0	0	0	0	0	0	0	0	0	
141	12	1	2374	????? ????? ???? ???			0	-1	150	0	1.035	0	0	0	0	0	0	0	0	0	1	0	0	0	6/9/2013 12:59:00 PM	0	0	0		0	0	0	0	0	0	0	0	0	0	0	0	0	0	0	
142	12	1	1703	????? ????? ???? ???			0	-1	150	0	0.92	0	0	0	0	0	0	0	0	0	1	0	0	0	6/9/2013 12:59:00 PM	0	0	0		0	0	0	0	0	0	0	0	0	0	0	0	0	0	0	
143	12	1	2430	????? ????? ???? ???			0	-1	150	0	1.035	0	0	0	0	0	0	0	0	0	1	0	0	0	6/9/2013 12:59:00 PM	0	0	0		0	0	0	0	0	0	0	0	0	0	0	0	0	0	0	
144	12	1	2431	????? ????? ???? ???			0	-1	150	0	1.265	0	0	0	0	0	0	0	0	0	1	0	0	0	6/9/2013 12:59:00 PM	0	0	0		0	0	0	0	0	0	0	0	0	0	0	0	0	0	0	
145	12	1	2108	????? ????? ???? ???			0	-1	150	0	0.635	0	0	0	0	0	0	0	0	0	1	0	0	0	6/9/2013 12:59:00 PM	0	0	0		0	0	0	0	0	0	0	0	0	0	0	0	0	0	0	
146	12	1	2708	????? ????? ???? ???			0	-1	150	0	1.035	0	0	0	0	0	0	0	0	0	1	0	0	0	6/9/2013 12:59:00 PM	0	0	0		0	0	0	0	0	0	0	0	0	0	0	0	0	0	0	
147	12	1	2622	????? ????? ???? ???			0	-1	150	0	0.92	0	0	0	0	0	0	0	0	0	1	0	0	0	6/9/2013 12:59:00 PM	0	0	0		0	0	0	0	0	0	0	0	0	0	0	0	0	0	0	
148	12	1	2623	??? ????? ????? ????			0	-1	150	0	0.99	0	0	0	0	0	0	0	0	0	1	0	0	0	6/9/2013 12:59:00 PM	0	0	0		0	0	0	0	0	0	0	0	0	0	0	0	0	0	0	
149	12	1	2190	???? ????? ????? ???			0	-1	150	0	0.99	0	0	0	0	0	0	0	0	0	1	0	0	0	6/9/2013 12:59:00 PM	0	0	0		0	0	0	0	0	0	0	0	0	0	0	0	0	0	0	
150	12	1	2189	????? ???? ??????? 1			0	-1	150	0	0.495	0	0	0	0	0	0	0	0	0	1	0	0	0	6/9/2013 12:59:00 PM	0	0	0		0	0	0	0	0	0	0	0	0	0	0	0	0	0	0	
151	12	1	2188	????? ???? ??????? 1			0	-1	150	0	0.495	0	0	0	0	0	0	0	0	0	1	0	0	0	6/9/2013 12:59:00 PM	0	0	0		0	0	0	0	0	0	0	0	0	0	0	0	0	0	0	
152	12	1	2187	????? ???? ??????? 1			0	-1	150	0	0.495	0	0	0	0	0	0	0	0	0	1	0	0	0	6/9/2013 12:59:00 PM	0	0	0		0	0	0	0	0	0	0	0	0	0	0	0	0	0	0	
153	12	1	2186	????? ???? ??????? 1			0	-1	150	0	0.495	0	0	0	0	0	0	0	0	0	1	0	0	0	6/9/2013 12:59:00 PM	0	0	0		0	0	0	0	0	0	0	0	0	0	0	0	0	0	0	
154	12	1	2185	???? ????? ???? 2 ??			0	-1	150	0	0.99	0	0	0	0	0	0	0	0	0	1	0	0	0	6/9/2013 12:59:00 PM	0	0	0		0	0	0	0	0	0	0	0	0	0	0	0	0	0	0	
155	12	1	2608	???? ????? ???? 2 ??			0	-1	150	0	0.99	0	0	0	0	0	0	0	0	0	1	0	0	0	6/9/2013 12:59:00 PM	0	0	0		0	0	0	0	0	0	0	0	0	0	0	0	0	0	0	
156	12	1	2609	???? ????? ???? 2 ??			0	-1	150	0	0.99	0	0	0	0	0	0	0	0	0	1	0	0	0	6/9/2013 12:59:00 PM	0	0	0		0	0	0	0	0	0	0	0	0	0	0	0	0	0	0	
157	12	1	2610	???? ????? ?????? ??			0	-1	150	0	0.99	0	0	0	0	0	0	0	0	0	1	0	0	0	6/9/2013 12:59:00 PM	0	0	0		0	0	0	0	0	0	0	0	0	0	0	0	0	0	0	
158	12	1	2611	???? ????? ?????? ??			0	-1	150	0	0.99	0	0	0	0	0	0	0	0	0	1	0	0	0	6/9/2013 12:59:00 PM	0	0	0		0	0	0	0	0	0	0	0	0	0	0	0	0	0	0	
159	12	1	2612	???? ????? ?????? ??			0	-1	150	0	0.99	0	0	0	0	0	0	0	0	0	1	0	0	0	6/9/2013 12:59:00 PM	0	0	0		0	0	0	0	0	0	0	0	0	0	0	0	0	0	0	
160	12	1	2116	???? ??????? 750 ??			0	-1	150	0	0.66	0	0	0	0	0	0	0	0	0	1	0	0	0	6/9/2013 12:59:00 PM	0	0	0		0	0	0	0	0	0	0	0	0	0	0	0	0	0	0	
161	12	1	2207	???? ???? ???? 650 ?			0	-1	150	0	0.55	0	0	0	0	0	0	0	0	0	1	0	0	0	6/9/2013 12:59:00 PM	0	0	0		0	0	0	0	0	0	0	0	0	0	0	0	0	0	0	
162	12	1	2125	????? ???? ??????? ?			0	-1	150	0	0.33	0	0	0	0	0	0	0	0	0	1	0	0	0	6/9/2013 12:59:00 PM	0	0	0		0	0	0	0	0	0	0	0	0	0	0	0	0	0	0	
163	12	1	2403	????? ???? ??????? ?			0	-1	150	0	0.33	0	0	0	0	0	0	0	0	0	1	0	0	0	6/9/2013 12:59:00 PM	0	0	0		0	0	0	0	0	0	0	0	0	0	0	0	0	0	0	
164	12	1	2570	????? ???? ??????? ?			0	-1	150	0	0.33	0	0	0	0	0	0	0	0	0	1	0	0	0	6/9/2013 12:59:00 PM	0	0	0		0	0	0	0	0	0	0	0	0	0	0	0	0	0	0	
165	12	1	2569	???? ????? ?????? ??			0	-1	150	0	0.99	0	0	0	0	0	0	0	0	0	1	0	0	0	6/9/2013 12:59:00 PM	0	0	0		0	0	0	0	0	0	0	0	0	0	0	0	0	0	0	
166	12	1	2571	????? ???????? ????			0	-1	150	0	0.55	0	0	0	0	0	0	0	0	0	1	0	0	0	6/9/2013 12:59:00 PM	0	0	0		0	0	0	0	0	0	0	0	0	0	0	0	0	0	0	
167	12	1	1364	????? ???? ?????? ??			0	-1	150	0	0.44	0	0	0	0	0	0	0	0	0	1	0	0	0	6/9/2013 12:59:00 PM	0	0	0		0	0	0	0	0	0	0	0	0	0	0	0	0	0	0	
168	12	1	2384	????? ???? ?????? ??			0	-1	150	0	0.44	0	0	0	0	0	0	0	0	0	1	0	0	0	6/9/2013 12:59:00 PM	0	0	0		0	0	0	0	0	0	0	0	0	0	0	0	0	0	0	
169	12	1	2385	????? ???? ?????? ??			0	-1	150	0	0.44	0	0	0	0	0	0	0	0	0	1	0	0	0	6/9/2013 12:59:00 PM	0	0	0		0	0	0	0	0	0	0	0	0	0	0	0	0	0	0	
170	12	1	2386	???? ???? ????? 500			0	-1	150	0	1.1	0	0	0	0	0	0	0	0	0	1	0	0	0	6/9/2013 12:59:00 PM	0	0	0		0	0	0	0	0	0	0	0	0	0	0	0	0	0	0	
171	12	1	2387	??? ???? ????? ?????			0	-1	150	0	0.245	0	0	0	0	0	0	0	0	0	1	0	0	0	6/9/2013 12:59:00 PM	0	0	0		0	0	0	0	0	0	0	0	0	0	0	0	0	0	0	
172	12	1	2388	??? ???? ????? ?????			0	-1	150	0	0.495	0	0	0	0	0	0	0	0	0	1	0	0	0	6/9/2013 12:59:00 PM	0	0	0		0	0	0	0	0	0	0	0	0	0	0	0	0	0	0	
173	12	1	2389	??? ??? ????? ?????			0	-1	150	0	0.44	0	0	0	0	0	0	0	0	0	1	0	0	0	6/9/2013 12:59:00 PM	0	0	0		0	0	0	0	0	0	0	0	0	0	0	0	0	0	0	
174	12	1	1601	??? ????? ??? ?????			0	-1	150	0	0.88	0	0	0	0	0	0	0	0	0	1	0	0	0	6/9/2013 12:59:00 PM	0	0	0		0	0	0	0	0	0	0	0	0	0	0	0	0	0	0	
175	12	1	1602	??? ??? ????? 5 ?? 2			0	-1	150	0	0.44	0	0	0	0	0	0	0	0	0	1	0	0	0	6/9/2013 12:59:00 PM	0	0	0		0	0	0	0	0	0	0	0	0	0	0	0	0	0	0	
176	12	1	1432	??? ???? ????? 5 ??			0	-1	150	0	0.275	0	0	0	0	0	0	0	0	0	1	0	0	0	6/9/2013 12:59:00 PM	0	0	0		0	0	0	0	0	0	0	0	0	0	0	0	0	0	0	
177	12	1	1685	????? ????? ????? 10			0	-1	150	0	0.135	0	0	0	0	0	0	0	0	0	1	0	0	0	6/9/2013 12:59:00 PM	0	0	0		0	0	0	0	0	0	0	0	0	0	0	0	0	0	0	
178	12	1	2144	?????? ????? ???? ??			0	-1	150	0	0.355	0	0	0	0	0	0	0	0	0	1	0	0	0	6/9/2013 12:59:00 PM	0	0	0		0	0	0	0	0	0	0	0	0	0	0	0	0	0	0	
179	12	1	1040	??? ?????? ??????			0	-1	150	0	0.275	0	0	0	0	0	0	0	0	0	1	0	0	0	6/9/2013 12:59:00 PM	0	0	0		0	0	0	0	0	0	0	0	0	0	0	0	0	0	0	
180	12	1	1041	?? ????????? ????			0	-1	150	0	2.75	0	0	0	0	0	0	0	0	0	1	0	0	0	6/9/2013 12:59:00 PM	0	0	0		0	0	0	0	0	0	0	0	0	0	0	0	0	0	0	
181	12	1	1042	????? ???? ????? 1			0	-1	150	0	0.175	0	0	0	0	0	0	0	0	0	1	0	0	0	6/9/2013 12:59:00 PM	0	0	0		0	0	0	0	0	0	0	0	0	0	0	0	0	0	0	
182	12	1	1043	???? ???? ????? 700?			0	-1	150	0	6.25	0	0	0	0	0	0	0	0	0	1	0	0	0	6/9/2013 12:59:00 PM	0	0	0		0	0	0	0	0	0	0	0	0	0	0	0	0	0	0	
183	12	1	1048	???? ????? ?????			0	-1	150	0	0.89	0	0	0	0	0	0	0	0	0	1	0	0	0	6/9/2013 12:59:00 PM	0	0	0		0	0	0	0	0	0	0	0	0	0	0	0	0	0	0	
184	12	1	1044	???? ????? ??????			0	-1	150	0	0.89	0	0	0	0	0	0	0	0	0	1	0	0	0	6/9/2013 12:59:00 PM	0	0	0		0	0	0	0	0	0	0	0	0	0	0	0	0	0	0	
185	12	1	1049	?????? 40??			0	-1	150	0	0.44	0	0	0	0	0	0	0	0	0	1	0	0	0	6/9/2013 12:59:00 PM	0	0	0		0	0	0	0	0	0	0	0	0	0	0	0	0	0	0	
186	12	1	1050	????? ???? ????  4			0	-1	150	0	0.44	0	0	0	0	0	0	0	0	0	1	0	0	0	6/9/2013 12:59:00 PM	0	0	0		0	0	0	0	0	0	0	0	0	0	0	0	0	0	0	
187	12	1	1045	????? ????? ?????			0	-1	150	0	0.27	0	0	0	0	0	0	0	0	0	1	0	0	0	6/9/2013 12:59:00 PM	0	0	0		0	0	0	0	0	0	0	0	0	0	0	0	0	0	0	
188	12	1	1046	???? ??? ???? 370?			0	-1	150	0	0.25	0	0	0	0	0	0	0	0	0	1	0	0	0	6/9/2013 12:59:00 PM	0	0	0		0	0	0	0	0	0	0	0	0	0	0	0	0	0	0	
189	12	1	1051	???? ???? ???? 370			0	-1	150	0	0.25	0	0	0	0	0	0	0	0	0	1	0	0	0	6/9/2013 12:59:00 PM	0	0	0		0	0	0	0	0	0	0	0	0	0	0	0	0	0	0	
190	12	1	1052	???? ??? ???? 370?			0	-1	150	0	0.25	0	0	0	0	0	0	0	0	0	1	0	0	0	6/9/2013 12:59:00 PM	0	0	0		0	0	0	0	0	0	0	0	0	0	0	0	0	0	0	
191	12	1	1053	????? ???? ???? 150			0	-1	150	0	2.035	0	0	0	0	0	0	0	0	0	1	0	0	0	6/9/2013 12:59:00 PM	0	0	0		0	0	0	0	0	0	0	0	0	0	0	0	0	0	0	
192	12	1	1054	???? ????? ?????? 25			0	-1	150	0	1.925	0	0	0	0	0	0	0	0	0	1	0	0	0	6/9/2013 12:59:00 PM	0	0	0		0	0	0	0	0	0	0	0	0	0	0	0	0	0	0	
193	12	1	1055	????? ?????? ?????			0	-1	150	0	0.18	0	0	0	0	0	0	0	0	0	1	0	0	0	6/9/2013 12:59:00 PM	0	0	0		0	0	0	0	0	0	0	0	0	0	0	0	0	0	0	
194	12	1	1056	?????? ??? ?????? 20			0	-1	150	0	0.36	0	0	0	0	0	0	0	0	0	1	0	0	0	6/9/2013 12:59:00 PM	0	0	0		0	0	0	0	0	0	0	0	0	0	0	0	0	0	0	
195	12	1	1057	???? ??? ???? 85 ?			0	-1	150	0	0.145	0	0	0	0	0	0	0	0	0	1	0	0	0	6/9/2013 12:59:00 PM	0	0	0		0	0	0	0	0	0	0	0	0	0	0	0	0	0	0	
196	12	1	1058	????? ????? ?????			0	-1	150	0	0.8	0	0	0	0	0	0	0	0	0	1	0	0	0	6/9/2013 12:59:00 PM	0	0	0		0	0	0	0	0	0	0	0	0	0	0	0	0	0	0	
197	12	1	1059	???? ???? ??? ?????			0	-1	150	0	0.44	0	0	0	0	0	0	0	0	0	1	0	0	0	6/9/2013 12:59:00 PM	0	0	0		0	0	0	0	0	0	0	0	0	0	0	0	0	0	0	
198	12	1	1022	??? ??? 10 ?????? ??			0	-1	150	0	0.55	0	0	0	0	0	0	0	0	0	1	0	0	0	6/9/2013 12:59:00 PM	0	0	0		0	0	0	0	0	0	0	0	0	0	0	0	0	0	0	
199	12	1	1023	??? ??? 10 ?????? ??			0	-1	150	0	0.55	0	0	0	0	0	0	0	0	0	1	0	0	0	6/9/2013 12:59:00 PM	0	0	0		0	0	0	0	0	0	0	0	0	0	0	0	0	0	0	
200	12	1	1024	??? ?????? ???? ???			0	-1	150	0	1.43	0	0	0	0	0	0	0	0	0	1	0	0	0	6/9/2013 12:59:00 PM	0	0	0		0	0	0	0	0	0	0	0	0	0	0	0	0	0	0	
201	12	1	1025	??? ????? ???? ??? 1			0	-1	150	0	0.55	0	0	0	0	0	0	0	0	0	1	0	0	0	6/9/2013 12:59:00 PM	0	0	0		0	0	0	0	0	0	0	0	0	0	0	0	0	0	0	
202	12	1	1077	????? ??????? ??????			0	-1	150	0	0.33	0	0	0	0	0	0	0	0	0	1	0	0	0	6/9/2013 12:59:00 PM	0	0	0		0	0	0	0	0	0	0	0	0	0	0	0	0	0	0	
203	12	1	1026	????? ??????? ??????			0	-1	150	0	0.345	0	0	0	0	0	0	0	0	0	1	0	0	0	6/9/2013 12:59:00 PM	0	0	0		0	0	0	0	0	0	0	0	0	0	0	0	0	0	0	
204	12	1	1027	????? ??? ???? ?????			0	-1	150	0	1.355	0	0	0	0	0	0	0	0	0	1	0	0	0	6/9/2013 12:59:00 PM	0	0	0		0	0	0	0	0	0	0	0	0	0	0	0	0	0	0	
205	12	1	1028	????? ????????? ????			0	-1	150	0	0.715	0	0	0	0	0	0	0	0	0	1	0	0	0	6/9/2013 12:59:00 PM	0	0	0		0	0	0	0	0	0	0	0	0	0	0	0	0	0	0	
206	12	1	1029	???? ????? ??? 10 ??			0	-1	150	0	0.275	0	0	0	0	0	0	0	0	0	1	0	0	0	6/9/2013 12:59:00 PM	0	0	0		0	0	0	0	0	0	0	0	0	0	0	0	0	0	0	
207	12	1	1031	???? ????? ???? 10 ?			0	-1	150	0	0.275	0	0	0	0	0	0	0	0	0	1	0	0	0	6/9/2013 12:59:00 PM	0	0	0		0	0	0	0	0	0	0	0	0	0	0	0	0	0	0	
208	12	1	1032	???? ????? ???? 10 ?			0	-1	150	0	0.275	0	0	0	0	0	0	0	0	0	1	0	0	0	6/9/2013 12:59:00 PM	0	0	0		0	0	0	0	0	0	0	0	0	0	0	0	0	0	0	
209	12	1	1033	????? ??????? ???? ?			0	-1	150	0	0.275	0	0	0	0	0	0	0	0	0	1	0	0	0	6/9/2013 12:59:00 PM	0	0	0		0	0	0	0	0	0	0	0	0	0	0	0	0	0	0	
210	12	1	1034	????? ??? ??????? ??			0	-1	150	0	0.22	0	0	0	0	0	0	0	0	0	1	0	0	0	6/9/2013 12:59:00 PM	0	0	0		0	0	0	0	0	0	0	0	0	0	0	0	0	0	0	
211	12	1	1035	???? ??????? ????			0	-1	150	0	0.55	0	0	0	0	0	0	0	0	0	1	0	0	0	6/9/2013 12:59:00 PM	0	0	0		0	0	0	0	0	0	0	0	0	0	0	0	0	0	0	
212	12	1	1036	???? ???? ????? ??			0	-1	150	0	0.13	0	0	0	0	0	0	0	0	0	1	0	0	0	6/9/2013 12:59:00 PM	0	0	0		0	0	0	0	0	0	0	0	0	0	0	0	0	0	0	
213	12	1	1037	???? ??????? 5 ???			0	-1	150	0	0.545	0	0	0	0	0	0	0	0	0	1	0	0	0	6/9/2013 12:59:00 PM	0	0	0		0	0	0	0	0	0	0	0	0	0	0	0	0	0	0	
214	12	1	1038	??????? ??? ????			0	-1	150	0	0.495	0	0	0	0	0	0	0	0	0	1	0	0	0	6/9/2013 12:59:00 PM	0	0	0		0	0	0	0	0	0	0	0	0	0	0	0	0	0	0	
215	12	1	1039	???? ???? 60 ??? ?			0	-1	150	0	0.305	0	0	0	0	0	0	0	0	0	1	0	0	0	6/9/2013 12:59:00 PM	0	0	0		0	0	0	0	0	0	0	0	0	0	0	0	0	0	0	
216	12	1	1002	???? ???? 60 ??? ?			0	-1	150	0	0.305	0	0	0	0	0	0	0	0	0	1	0	0	0	6/9/2013 12:59:00 PM	0	0	0		0	0	0	0	0	0	0	0	0	0	0	0	0	0	0	
217	12	1	1003	???? ???? 60 ??? ?			0	-1	150	0	0.305	0	0	0	0	0	0	0	0	0	1	0	0	0	6/9/2013 12:59:00 PM	0	0	0		0	0	0	0	0	0	0	0	0	0	0	0	0	0	0	
218	12	1	1004	???? ???? ???? ???			0	-1	150	0	0.13	0	0	0	0	0	0	0	0	0	1	0	0	0	6/9/2013 12:59:00 PM	0	0	0		0	0	0	0	0	0	0	0	0	0	0	0	0	0	0	
219	12	1	1005	???? ?????20??? ????			0	-1	150	0	0.915	0	0	0	0	0	0	0	0	0	1	0	0	0	6/9/2013 12:59:00 PM	0	0	0		0	0	0	0	0	0	0	0	0	0	0	0	0	0	0	
220	12	1	1006	???? ???? ???? 27			0	-1	150	0	0.2	0	0	0	0	0	0	0	0	0	1	0	0	0	6/9/2013 12:59:00 PM	0	0	0		0	0	0	0	0	0	0	0	0	0	0	0	0	0	0	
221	12	1	1007	???? ???? ???? 100			0	-1	150	0	0.11	0	0	0	0	0	0	0	0	0	1	0	0	0	6/9/2013 12:59:00 PM	0	0	0		0	0	0	0	0	0	0	0	0	0	0	0	0	0	0	
222	12	1	1008	???? ??? ??? ????			0	-1	150	0	1.09	0	0	0	0	0	0	0	0	0	1	0	0	0	6/9/2013 12:59:00 PM	0	0	0		0	0	0	0	0	0	0	0	0	0	0	0	0	0	0	
223	12	1	1009	???? ???? ????? ??			0	-1	150	0	0.985	0	0	0	0	0	0	0	0	0	1	0	0	0	6/9/2013 12:59:00 PM	0	0	0		0	0	0	0	0	0	0	0	0	0	0	0	0	0	0	
224	12	1	1010	?????? ??? ???? ????			1	-1	150	0	0.515	0	0	0	0	0	0	0	0	0	1	0	0	0	6/9/2013 12:59:00 PM	0	0	0		0	0	0	0	0	0	0	0	0	0	0	0	0	0		
